Program Files attached  : A_star.py
 
Heuristic function: Misplaced tiles 
Puzzle: 0 
 
Action sequence:
['LEFT', 1, 0]
['DOWN', 2, 0]
['RIGHT', 2, 1]
['UP', 1, 1]
['LEFT', 1, 0]
['UP', 0, 0]
 
State sequence:
[[3, 1, 2], ['*', 7, 5], [4, 6, 8]]
[[3, 1, 2], [4, 7, 5], ['*', 6, 8]]
[[3, 1, 2], [4, 7, 5], [6, '*', 8]]
[[3, 1, 2], [4, '*', 5], [6, 7, 8]]
[[3, 1, 2], ['*', 4, 5], [6, 7, 8]]
[['*', 1, 2], [3, 4, 5], [6, 7, 8]]
 
Path cost: 6
 
--------------------------------------------------------------------------------------------------------
Heuristic function : Manhattan 
Puzzle: 0 
 
Action sequence:
['LEFT', 1, 0]
['DOWN', 2, 0]
['RIGHT', 2, 1]
['UP', 1, 1]
['LEFT', 1, 0]
['UP', 0, 0]
 
State sequence:
[[3, 1, 2], ['*', 7, 5], [4, 6, 8]]
[[3, 1, 2], [4, 7, 5], ['*', 6, 8]]
[[3, 1, 2], [4, 7, 5], [6, '*', 8]]
[[3, 1, 2], [4, '*', 5], [6, 7, 8]]
[[3, 1, 2], ['*', 4, 5], [6, 7, 8]]
[['*', 1, 2], [3, 4, 5], [6, 7, 8]]
 
Path cost: 6
 
--------------------------------------------------------------------------------------------------------
 
Heuristic function : Misplaced tiles  
Puzzle: 1 
 
Action sequence:
['RIGHT', 1, 2]
['UP', 0, 2]
['LEFT', 0, 1]
['LEFT', 0, 0]
['DOWN', 1, 0]
['RIGHT', 1, 1]
['RIGHT', 1, 2]
['DOWN', 2, 2]
['LEFT', 2, 1]
['LEFT', 2, 0]
['UP', 1, 0]
['RIGHT', 1, 1]
['RIGHT', 1, 2]
['DOWN', 2, 2]
['LEFT', 2, 1]
['UP', 1, 1]
['RIGHT', 1, 2]
['UP', 0, 2]
['LEFT', 0, 1]
['LEFT', 0, 0]
['DOWN', 1, 0]
['RIGHT', 1, 1]
['UP', 0, 1]
['RIGHT', 0, 2]
['DOWN', 1, 2]
['LEFT', 1, 1]
['UP', 0, 1]
['LEFT', 0, 0]
['DOWN', 1, 0]
['RIGHT', 1, 1]
['DOWN', 2, 1]
['LEFT', 2, 0]
['UP', 1, 0]
['UP', 0, 0]
['RIGHT', 0, 1]
['DOWN', 1, 1]
['DOWN', 2, 1]
['LEFT', 2, 0]
['UP', 1, 0]
['UP', 0, 0]
['RIGHT', 0, 1]
['DOWN', 1, 1]
['LEFT', 1, 0]
['DOWN', 2, 0]
['RIGHT', 2, 1]
['UP', 1, 1]
['UP', 0, 1]
['LEFT', 0, 0]
['DOWN', 1, 0]
['RIGHT', 1, 1]
['DOWN', 2, 1]
['LEFT', 2, 0]
['UP', 1, 0]
['UP', 0, 0]
 
State sequence:
[[7, 2, 4], [5, 6, '*'], [8, 3, 1]]
[[7, 2, '*'], [5, 6, 4], [8, 3, 1]]
[[7, '*', 2], [5, 6, 4], [8, 3, 1]]
[['*', 7, 2], [5, 6, 4], [8, 3, 1]]
[[5, 7, 2], ['*', 6, 4], [8, 3, 1]]
[[5, 7, 2], [6, '*', 4], [8, 3, 1]]
[[5, 7, 2], [6, 4, '*'], [8, 3, 1]]
[[5, 7, 2], [6, 4, 1], [8, 3, '*']]
[[5, 7, 2], [6, 4, 1], [8, '*', 3]]
[[5, 7, 2], [6, 4, 1], ['*', 8, 3]]
[[5, 7, 2], ['*', 4, 1], [6, 8, 3]]
[[5, 7, 2], [4, '*', 1], [6, 8, 3]]
[[5, 7, 2], [4, 1, '*'], [6, 8, 3]]
[[5, 7, 2], [4, 1, 3], [6, 8, '*']]
[[5, 7, 2], [4, 1, 3], [6, '*', 8]]
[[5, 7, 2], [4, '*', 3], [6, 1, 8]]
[[5, 7, 2], [4, 3, '*'], [6, 1, 8]]
[[5, 7, '*'], [4, 3, 2], [6, 1, 8]]
[[5, '*', 7], [4, 3, 2], [6, 1, 8]]
[['*', 5, 7], [4, 3, 2], [6, 1, 8]]
[[4, 5, 7], ['*', 3, 2], [6, 1, 8]]
[[4, 5, 7], [3, '*', 2], [6, 1, 8]]
[[4, '*', 7], [3, 5, 2], [6, 1, 8]]
[[4, 7, '*'], [3, 5, 2], [6, 1, 8]]
[[4, 7, 2], [3, 5, '*'], [6, 1, 8]]
[[4, 7, 2], [3, '*', 5], [6, 1, 8]]
[[4, '*', 2], [3, 7, 5], [6, 1, 8]]
[['*', 4, 2], [3, 7, 5], [6, 1, 8]]
[[3, 4, 2], ['*', 7, 5], [6, 1, 8]]
[[3, 4, 2], [7, '*', 5], [6, 1, 8]]
[[3, 4, 2], [7, 1, 5], [6, '*', 8]]
[[3, 4, 2], [7, 1, 5], ['*', 6, 8]]
[[3, 4, 2], ['*', 1, 5], [7, 6, 8]]
[['*', 4, 2], [3, 1, 5], [7, 6, 8]]
[[4, '*', 2], [3, 1, 5], [7, 6, 8]]
[[4, 1, 2], [3, '*', 5], [7, 6, 8]]
[[4, 1, 2], [3, 6, 5], [7, '*', 8]]
[[4, 1, 2], [3, 6, 5], ['*', 7, 8]]
[[4, 1, 2], ['*', 6, 5], [3, 7, 8]]
[['*', 1, 2], [4, 6, 5], [3, 7, 8]]
[[1, '*', 2], [4, 6, 5], [3, 7, 8]]
[[1, 6, 2], [4, '*', 5], [3, 7, 8]]
[[1, 6, 2], ['*', 4, 5], [3, 7, 8]]
[[1, 6, 2], [3, 4, 5], ['*', 7, 8]]
[[1, 6, 2], [3, 4, 5], [7, '*', 8]]
[[1, 6, 2], [3, '*', 5], [7, 4, 8]]
[[1, '*', 2], [3, 6, 5], [7, 4, 8]]
[['*', 1, 2], [3, 6, 5], [7, 4, 8]]
[[3, 1, 2], ['*', 6, 5], [7, 4, 8]]
[[3, 1, 2], [6, '*', 5], [7, 4, 8]]
[[3, 1, 2], [6, 4, 5], [7, '*', 8]]
[[3, 1, 2], [6, 4, 5], ['*', 7, 8]]
[[3, 1, 2], ['*', 4, 5], [6, 7, 8]]
[['*', 1, 2], [3, 4, 5], [6, 7, 8]]
 
Path cost: 54
 
--------------------------------------------------------------------------------------------------------
Heuristic function: Manhattan 

Puzzle: 1
 
Action sequence:
['RIGHT', 1, 2]
['UP', 0, 2]
['LEFT', 0, 1]
['LEFT', 0, 0]
['DOWN', 1, 0]
['RIGHT', 1, 1]
['DOWN', 2, 1]
['LEFT', 2, 0]
['UP', 1, 0]
['RIGHT', 1, 1]
['RIGHT', 1, 2]
['DOWN', 2, 2]
['LEFT', 2, 1]
['UP', 1, 1]
['UP', 0, 1]
['LEFT', 0, 0]
['DOWN', 1, 0]
['RIGHT', 1, 1]
['RIGHT', 1, 2]
['UP', 0, 2]
['LEFT', 0, 1]
['DOWN', 1, 1]
['LEFT', 1, 0]
['UP', 0, 0]
['RIGHT', 0, 1]
['RIGHT', 0, 2]
['DOWN', 1, 2]
['DOWN', 2, 2]
['LEFT', 2, 1]
['UP', 1, 1]
['UP', 0, 1]
['LEFT', 0, 0]
['DOWN', 1, 0]
['DOWN', 2, 0]
['RIGHT', 2, 1]
['RIGHT', 2, 2]
['UP', 1, 2]
['LEFT', 1, 1]
['DOWN', 2, 1]
['LEFT', 2, 0]
['UP', 1, 0]
['UP', 0, 0]
 
State sequence:
[[7, 2, 4], [5, 6, '*'], [8, 3, 1]]
[[7, 2, '*'], [5, 6, 4], [8, 3, 1]]
[[7, '*', 2], [5, 6, 4], [8, 3, 1]]
[['*', 7, 2], [5, 6, 4], [8, 3, 1]]
[[5, 7, 2], ['*', 6, 4], [8, 3, 1]]
[[5, 7, 2], [6, '*', 4], [8, 3, 1]]
[[5, 7, 2], [6, 3, 4], [8, '*', 1]]
[[5, 7, 2], [6, 3, 4], ['*', 8, 1]]
[[5, 7, 2], ['*', 3, 4], [6, 8, 1]]
[[5, 7, 2], [3, '*', 4], [6, 8, 1]]
[[5, 7, 2], [3, 4, '*'], [6, 8, 1]]
[[5, 7, 2], [3, 4, 1], [6, 8, '*']]
[[5, 7, 2], [3, 4, 1], [6, '*', 8]]
[[5, 7, 2], [3, '*', 1], [6, 4, 8]]
[[5, '*', 2], [3, 7, 1], [6, 4, 8]]
[['*', 5, 2], [3, 7, 1], [6, 4, 8]]
[[3, 5, 2], ['*', 7, 1], [6, 4, 8]]
[[3, 5, 2], [7, '*', 1], [6, 4, 8]]
[[3, 5, 2], [7, 1, '*'], [6, 4, 8]]
[[3, 5, '*'], [7, 1, 2], [6, 4, 8]]
[[3, '*', 5], [7, 1, 2], [6, 4, 8]]
[[3, 1, 5], [7, '*', 2], [6, 4, 8]]
[[3, 1, 5], ['*', 7, 2], [6, 4, 8]]
[['*', 1, 5], [3, 7, 2], [6, 4, 8]]
[[1, '*', 5], [3, 7, 2], [6, 4, 8]]
[[1, 5, '*'], [3, 7, 2], [6, 4, 8]]
[[1, 5, 2], [3, 7, '*'], [6, 4, 8]]
[[1, 5, 2], [3, 7, 8], [6, 4, '*']]
[[1, 5, 2], [3, 7, 8], [6, '*', 4]]
[[1, 5, 2], [3, '*', 8], [6, 7, 4]]
[[1, '*', 2], [3, 5, 8], [6, 7, 4]]
[['*', 1, 2], [3, 5, 8], [6, 7, 4]]
[[3, 1, 2], ['*', 5, 8], [6, 7, 4]]
[[3, 1, 2], [6, 5, 8], ['*', 7, 4]]
[[3, 1, 2], [6, 5, 8], [7, '*', 4]]
[[3, 1, 2], [6, 5, 8], [7, 4, '*']]
[[3, 1, 2], [6, 5, '*'], [7, 4, 8]]
[[3, 1, 2], [6, '*', 5], [7, 4, 8]]
[[3, 1, 2], [6, 4, 5], [7, '*', 8]]
[[3, 1, 2], [6, 4, 5], ['*', 7, 8]]
[[3, 1, 2], ['*', 4, 5], [6, 7, 8]]
[['*', 1, 2], [3, 4, 5], [6, 7, 8]]
 
Path cost: 42
