Profiler report: a_star_report_7.2_1.pdf

Algorithm: A*  - Manhattan distance - Puzzle 2

Filename: /Library/Frameworks/Python.framework/Versions/3.9/lib/python3.9/site-packages/line_profiler/line_profiler.py

Line #    Mem usage    Increment  Occurrences   Line Contents
=============================================================
   106     42.6 MiB     42.6 MiB           1           @functools.wraps(func)
   107                                                 def wrapper(*args, **kwds):
   108                                                     self.enable_by_count()
   109                                                     try:
   110                                                         result = func(*args, **kwds)
   111                                                     finally:
   112                                                         self.disable_by_count()
   113                                                     return result
 
Max queue size: 172
 
Action sequence:
['LEFT', 2, 0]
['UP', 1, 0]
['UP', 0, 0]
['RIGHT', 0, 1]
['RIGHT', 0, 2]
['DOWN', 1, 2]
['LEFT', 1, 1]
['DOWN', 2, 1]
['LEFT', 2, 0]
['UP', 1, 0]
['UP', 0, 0]
['RIGHT', 0, 1]
['DOWN', 1, 1]
['DOWN', 2, 1]
['LEFT', 2, 0]
['UP', 1, 0]
['UP', 0, 0]
['RIGHT', 0, 1]
['DOWN', 1, 1]
['DOWN', 2, 1]
['LEFT', 2, 0]
['UP', 1, 0]
['UP', 0, 0]
['RIGHT', 0, 1]
['DOWN', 1, 1]
['LEFT', 1, 0]
['DOWN', 2, 0]
['RIGHT', 2, 1]
['UP', 1, 1]
['UP', 0, 1]
['LEFT', 0, 0]
['DOWN', 1, 0]
['RIGHT', 1, 1]
['DOWN', 2, 1]
['LEFT', 2, 0]
['UP', 1, 0]
['UP', 0, 0]
 
State sequence:
[[6, 7, 3], [1, 5, 2], ['*', 4, 8]]
[[6, 7, 3], ['*', 5, 2], [1, 4, 8]]
[['*', 7, 3], [6, 5, 2], [1, 4, 8]]
[[7, '*', 3], [6, 5, 2], [1, 4, 8]]
[[7, 3, '*'], [6, 5, 2], [1, 4, 8]]
[[7, 3, 2], [6, 5, '*'], [1, 4, 8]]
[[7, 3, 2], [6, '*', 5], [1, 4, 8]]
[[7, 3, 2], [6, 4, 5], [1, '*', 8]]
[[7, 3, 2], [6, 4, 5], ['*', 1, 8]]
[[7, 3, 2], ['*', 4, 5], [6, 1, 8]]
[['*', 3, 2], [7, 4, 5], [6, 1, 8]]
[[3, '*', 2], [7, 4, 5], [6, 1, 8]]
[[3, 4, 2], [7, '*', 5], [6, 1, 8]]
[[3, 4, 2], [7, 1, 5], [6, '*', 8]]
[[3, 4, 2], [7, 1, 5], ['*', 6, 8]]
[[3, 4, 2], ['*', 1, 5], [7, 6, 8]]
[['*', 4, 2], [3, 1, 5], [7, 6, 8]]
[[4, '*', 2], [3, 1, 5], [7, 6, 8]]
[[4, 1, 2], [3, '*', 5], [7, 6, 8]]
[[4, 1, 2], [3, 6, 5], [7, '*', 8]]
[[4, 1, 2], [3, 6, 5], ['*', 7, 8]]
[[4, 1, 2], ['*', 6, 5], [3, 7, 8]]
[['*', 1, 2], [4, 6, 5], [3, 7, 8]]
[[1, '*', 2], [4, 6, 5], [3, 7, 8]]
[[1, 6, 2], [4, '*', 5], [3, 7, 8]]
[[1, 6, 2], ['*', 4, 5], [3, 7, 8]]
[[1, 6, 2], [3, 4, 5], ['*', 7, 8]]
[[1, 6, 2], [3, 4, 5], [7, '*', 8]]
[[1, 6, 2], [3, '*', 5], [7, 4, 8]]
[[1, '*', 2], [3, 6, 5], [7, 4, 8]]
[['*', 1, 2], [3, 6, 5], [7, 4, 8]]
[[3, 1, 2], ['*', 6, 5], [7, 4, 8]]
[[3, 1, 2], [6, '*', 5], [7, 4, 8]]
[[3, 1, 2], [6, 4, 5], [7, '*', 8]]
[[3, 1, 2], [6, 4, 5], ['*', 7, 8]]
[[3, 1, 2], ['*', 4, 5], [6, 7, 8]]
[['*', 1, 2], [3, 4, 5], [6, 7, 8]]
 
Path cost: 37
 
----------------------------------------------------------------------------------------------------------

Profiler report: a_star_report_7.2_2.pdf

Algorithm: A* Misplaced Tiles  - Puzzle 2

Filename: /Library/Frameworks/Python.framework/Versions/3.9/lib/python3.9/site-packages/line_profiler/line_profiler.py

Line #    Mem usage    Increment  Occurrences   Line Contents
=============================================================
   106     42.8 MiB     42.8 MiB           1           @functools.wraps(func)
   107                                                 def wrapper(*args, **kwds):
   108                                                     self.enable_by_count()
   109                                                     try:
   110                                                         result = func(*args, **kwds)
   111                                                     finally:
   112                                                         self.disable_by_count()
   113                                                     return result
 


 
Max queue size: 413
 
Action sequence:
['LEFT', 2, 0]
['UP', 1, 0]
['RIGHT', 1, 1]
['DOWN', 2, 1]
['LEFT', 2, 0]
['UP', 1, 0]
['UP', 0, 0]
['RIGHT', 0, 1]
['RIGHT', 0, 2]
['DOWN', 1, 2]
['LEFT', 1, 1]
['DOWN', 2, 1]
['LEFT', 2, 0]
['UP', 1, 0]
['UP', 0, 0]
['RIGHT', 0, 1]
['DOWN', 1, 1]
['LEFT', 1, 0]
['DOWN', 2, 0]
['RIGHT', 2, 1]
['UP', 1, 1]
['RIGHT', 1, 2]
['DOWN', 2, 2]
['LEFT', 2, 1]
['LEFT', 2, 0]
['UP', 1, 0]
['RIGHT', 1, 1]
['DOWN', 2, 1]
['RIGHT', 2, 2]
['UP', 1, 2]
['LEFT', 1, 1]
['LEFT', 1, 0]
['UP', 0, 0]
 
State sequence:
[[6, 7, 3], [1, 5, 2], ['*', 4, 8]]
[[6, 7, 3], ['*', 5, 2], [1, 4, 8]]
[[6, 7, 3], [5, '*', 2], [1, 4, 8]]
[[6, 7, 3], [5, 4, 2], [1, '*', 8]]
[[6, 7, 3], [5, 4, 2], ['*', 1, 8]]
[[6, 7, 3], ['*', 4, 2], [5, 1, 8]]
[['*', 7, 3], [6, 4, 2], [5, 1, 8]]
[[7, '*', 3], [6, 4, 2], [5, 1, 8]]
[[7, 3, '*'], [6, 4, 2], [5, 1, 8]]
[[7, 3, 2], [6, 4, '*'], [5, 1, 8]]
[[7, 3, 2], [6, '*', 4], [5, 1, 8]]
[[7, 3, 2], [6, 1, 4], [5, '*', 8]]
[[7, 3, 2], [6, 1, 4], ['*', 5, 8]]
[[7, 3, 2], ['*', 1, 4], [6, 5, 8]]
[['*', 3, 2], [7, 1, 4], [6, 5, 8]]
[[3, '*', 2], [7, 1, 4], [6, 5, 8]]
[[3, 1, 2], [7, '*', 4], [6, 5, 8]]
[[3, 1, 2], ['*', 7, 4], [6, 5, 8]]
[[3, 1, 2], [6, 7, 4], ['*', 5, 8]]
[[3, 1, 2], [6, 7, 4], [5, '*', 8]]
[[3, 1, 2], [6, '*', 4], [5, 7, 8]]
[[3, 1, 2], [6, 4, '*'], [5, 7, 8]]
[[3, 1, 2], [6, 4, 8], [5, 7, '*']]
[[3, 1, 2], [6, 4, 8], [5, '*', 7]]
[[3, 1, 2], [6, 4, 8], ['*', 5, 7]]
[[3, 1, 2], ['*', 4, 8], [6, 5, 7]]
[[3, 1, 2], [4, '*', 8], [6, 5, 7]]
[[3, 1, 2], [4, 5, 8], [6, '*', 7]]
[[3, 1, 2], [4, 5, 8], [6, 7, '*']]
[[3, 1, 2], [4, 5, '*'], [6, 7, 8]]
[[3, 1, 2], [4, '*', 5], [6, 7, 8]]
[[3, 1, 2], ['*', 4, 5], [6, 7, 8]]
[['*', 1, 2], [3, 4, 5], [6, 7, 8]]
 
Path cost: 33



Statistics: 

 
Time	Memory - Max Queue Size	Memory used by function 	Path Cost	Puzzle	Total calls to expand	Search
0.023s	172	42.6Mb	37	2	381	A star Manhattan
0.048s	413	42.8Mb	33	2	928	A star Misplaced tiles

